solid OpenSCAD_Model
  facet normal 0 1 -0
    outer loop
      vertex 1.3698 0 0
      vertex 1.1393 0 9.55479
      vertex 1.3698 0 9.55479
    endloop
  endfacet
  facet normal 0 1 0
    outer loop
      vertex 1.1393 0 9.55479
      vertex 1.3698 0 0
      vertex 1.1393 0 0
    endloop
  endfacet
  facet normal 0 -1 0
    outer loop
      vertex 1.1393 0 0
      vertex 1.3698 0 9.55479
      vertex 1.1393 0 9.55479
    endloop
  endfacet
  facet normal 0 -1 -0
    outer loop
      vertex 1.3698 0 9.55479
      vertex 1.1393 0 0
      vertex 1.3698 0 0
    endloop
  endfacet
  facet normal 0 1 0
    outer loop
      vertex 8.37651 0 3.56607
      vertex 7.9137 0 4.2755
      vertex 8.18367 0 3.94133
    endloop
  endfacet
  facet normal 0 1 0
    outer loop
      vertex 8.49222 0 3.14969
      vertex 7.9137 0 4.2755
      vertex 8.37651 0 3.56607
    endloop
  endfacet
  facet normal 0 1 0
    outer loop
      vertex 8.53079 0 2.6922
      vertex 7.9137 0 4.2755
      vertex 8.49222 0 3.14969
    endloop
  endfacet
  facet normal 0 1 -0
    outer loop
      vertex 8.47273 0 2.09013
      vertex 7.9137 0 4.2755
      vertex 8.53079 0 2.6922
    endloop
  endfacet
  facet normal 0 1 0
    outer loop
      vertex 7.9137 0 1.00768
      vertex 8.47273 0 2.09013
      vertex 8.29854 0 1.55884
    endloop
  endfacet
  facet normal 0 1 0
    outer loop
      vertex 7.9137 0 1.00768
      vertex 8.29854 0 1.55884
      vertex 8.00822 0 1.09833
    endloop
  endfacet
  facet normal 0 1 0
    outer loop
      vertex 8.47273 0 2.09013
      vertex 7.9137 0 1.00768
      vertex 7.9137 0 4.2755
    endloop
  endfacet
  facet normal 0 -1 0
    outer loop
      vertex 7.9137 0 4.2755
      vertex 8.37651 0 3.56607
      vertex 8.18367 0 3.94133
    endloop
  endfacet
  facet normal 0 -1 0
    outer loop
      vertex 7.9137 0 4.2755
      vertex 8.49222 0 3.14969
      vertex 8.37651 0 3.56607
    endloop
  endfacet
  facet normal 0 -1 0
    outer loop
      vertex 7.9137 0 4.2755
      vertex 8.53079 0 2.6922
      vertex 8.49222 0 3.14969
    endloop
  endfacet
  facet normal 0 -1 0
    outer loop
      vertex 7.9137 0 4.2755
      vertex 8.47273 0 2.09013
      vertex 8.53079 0 2.6922
    endloop
  endfacet
  facet normal 0 -1 0
    outer loop
      vertex 7.9137 0 1.00768
      vertex 8.47273 0 2.09013
      vertex 7.9137 0 4.2755
    endloop
  endfacet
  facet normal 0 -1 0
    outer loop
      vertex 8.47273 0 2.09013
      vertex 7.9137 0 1.00768
      vertex 8.29854 0 1.55884
    endloop
  endfacet
  facet normal 0 -1 0
    outer loop
      vertex 8.29854 0 1.55884
      vertex 7.9137 0 1.00768
      vertex 8.00822 0 1.09833
    endloop
  endfacet
  facet normal 0 1 -0
    outer loop
      vertex 7.94513 0 6.8287
      vertex 7.9137 0 7.53048
      vertex 7.97479 0 7.2356
    endloop
  endfacet
  facet normal 0 1 0
    outer loop
      vertex 7.9137 0 7.53048
      vertex 7.94513 0 6.8287
      vertex 7.9137 0 6.69698
    endloop
  endfacet
  facet normal 0 -1 0
    outer loop
      vertex 7.9137 0 7.53048
      vertex 7.94513 0 6.8287
      vertex 7.97479 0 7.2356
    endloop
  endfacet
  facet normal -0 -1 0
    outer loop
      vertex 7.94513 0 6.8287
      vertex 7.9137 0 7.53048
      vertex 7.9137 0 6.69698
    endloop
  endfacet
endsolid OpenSCAD_Model
